	0	0.93	0.07
f7847de2-df43-4236-8dbe-ae403f5f3ab3	1	1.00	0.00
c31d874c-1b4d-40f2-a1b3-42542e934047	1	1.00	0.00
8ecea7e0-b1fb-4b74-8c8c-3271cb54f659	2	1.00	0.00
c755efce-d04d-4e00-b5c1-d801070d3808	2	1.00	0.00
21cbbfaa-100e-48c5-9cea-7118b0d08a34	4	0.75	0.25
3afb30c1-1b12-466a-968a-5a9a21458c7f	5	1.00	0.00
c86b5add-6c9a-40e0-aa43-e4fd7dd4f2c7	5	1.00	0.00
76c4853b-7fbc-4688-8cda-c5b8de1724e4	7	1.00	0.00
b86237bb-ade6-4b1d-9199-a3cc354118d9	8	1.00	0.00
6fc3689f-bb7d-4382-98a2-cf6ddc76909d	8	0.88	0.13
c9e4a49e-e35a-4034-a4c7-293896b40c58	8	0.75	0.25
4bda6584-6c21-4185-8895-47d07e8ad0c0	10	1.00	0.00
817dee99-9ccf-4f41-84e3-dc9773237bc8	10	0.90	0.10
3d4545ed-6217-4d7a-9c4a-209265eb6404	10	0.90	0.10
a1628d97-16ca-4a75-b8df-569bae02bef9	11	0.91	0.09
64b055d1-b691-4e0c-8583-fc08ba663846	12	1.00	0.00
262c49c6-8301-487d-8356-747023fa46a9	12	0.92	0.08
03b80a57-77ea-4913-9be4-7a85c3594745	12	0.92	0.08
9f85676a-7411-444a-8ae2-c7f8f73c285c	12	0.92	0.08
15d3a844-df6b-4193-a8f5-9ab129312d8d	12	0.75	0.25
f7715b05-ee69-43e5-a0e5-8e3d34270c82	12	1.00	0.00
70a458ed-25ca-4ff8-97fc-21cbf58f2c2a	13	1.00	0.00
6c346d8b-d186-4228-9adb-ae919d7131dd	14	0.93	0.07
06ced607-7f96-41e7-a8cd-b501d11d1a7e	15	1.00	0.00
c83a13f6-ee66-4b1c-9747-faa67395a6f1	15	1.00	0.00
285ce77d-e5cd-4daa-9784-801347140d48	15	1.00	0.00
57448b62-f952-40e2-820c-48d8afe0f64d	15	1.00	0.00
2ca0c790-e1d5-4a14-ab3c-e9241c87fc23	16	1.00	0.00
8c8cc584-199b-4b76-b2cd-eaa9a74965e5	17	0.94	0.06
12577256-bc4e-4955-81d6-b422d895fb12	18	1.00	0.00
1a93a2d2-b5b6-479b-a595-703e4a2f3885	18	1.00	0.00
13a05157-6172-4431-947b-a058217b4aa5	19	0.74	0.26
c0732e36-3731-4f1a-abdc-daa9563b6506	19	0.89	0.11
bd8d58b6-f37f-48e6-9919-8e14ec91f92a	19	0.95	0.05
ecb8d2f5-4ff5-4890-9693-5654e00055f6	19	1.00	0.00
51c5473a-7545-4a9a-920d-d9b718d0e8d1	20	0.65	0.35
472f50c0-ef98-4d05-91d0-d6359eec3946	20	1.00	0.00
8b53ce82-4b1a-48f0-999d-1774b3719202	20	1.00	0.00
b3d518b9-dc68-4902-b68c-0022ceb25aa0	20	0.90	0.10
a38ada0a-aeac-4a3d-b9a5-968687ccd2f9	20	1.00	0.00
2175cda0-a427-40fd-b497-347edcc1cd61	20	1.00	0.00
0fe896e1-108c-4ce9-97be-3470dde73c21	21	1.00	0.00
5a26fc61-d75d-4c01-9ce2-1880ffb5550f	21	0.90	0.10
80de2b05-e0d4-4d33-9297-9951b2b5c950	21	1.00	0.00
3064c7d6-91cc-4c2a-a433-1ce1aabc1ad4	22	1.00	0.00
81a0889a-4606-4f49-b419-866b57331383	22	1.00	0.00
25376b55-bb6f-48a7-9381-7b8210842fad	22	0.95	0.05
14d88771-7a96-48aa-ba59-07bae1733e96	22	0.95	0.05
aa6c2662-75f8-4506-aa06-9a0993313216	22	1.00	0.00
8e1fd784-99d5-41c1-a6c5-6b947cec6714	22	0.95	0.05
190a0f31-d686-4ac4-a7f3-cfc87b72c145	22	0.86	0.14
495a6bdc-174d-4ad6-8d51-9ee88b1c2e4a	23	0.78	0.22
503a235f-9fa6-41b5-8514-9475c944273f	23	1.00	0.00
80e474a3-7d2b-431d-8192-2f1e27162607	23	0.96	0.04
855775c1-266f-40f6-b07b-3a67ccdf8551	23	0.96	0.04
4e6ad1a1-7c71-49de-8bd5-c286712faf9e	24	0.88	0.13
766dfd1e-11c3-42b6-a167-9b2d568b5dc0	24	0.88	0.13
03097200-0d48-4236-a3d2-8bdb153aa8f7	25	0.96	0.04
7dcf6902-632f-48c5-936a-7cf88802b93a	26	0.88	0.12
1f159bab-923a-4811-b6fa-02bfde50925a	26	0.77	0.23
d4a10c2a-0c28-466a-9213-38ba3339b65e	26	0.96	0.04
82d1b7b4-ce00-4536-8631-a025f05150ce	27	0.93	0.07
7e9a514a-7850-4ed0-93ab-f3a6e2f41c03	28	1.00	0.00
e6114fd4-a11d-4f6c-b823-65691bb2d288	28	0.93	0.07
5ca7e854-dc00-4955-9235-d7fcd732ddcf	28	1.00	0.00
90c2cec7-0ed5-426a-9de8-754f34d59b39	28	0.96	0.04
4bf352d2-6a57-420a-9d45-b23b2b947375	28	0.89	0.11
f73009c5-2ede-4dc4-b96d-84ba93c8a429	28	0.96	0.04
2b5f5dd7-e31f-4829-bec5-546652103bc0	28	1.00	0.00
bd24e18b-800d-4f15-878d-e334fb4803c4	29	0.97	0.03
a5adc84c-80b8-49e4-9962-8b4ade99a922	29	1.00	0.00
1e8b09bd-fbdd-444e-bd7e-10326bd57156	29	1.00	0.00
020ed630-8bae-4441-95cc-0e4ecc27253b	29	0.76	0.24
ab9eb213-0917-4374-a259-458295045021	30	0.87	0.13
2b9f9c25-43ec-4f0b-9937-a5aa23be0d9e	30	0.60	0.40
69196296-f652-42ff-b2ca-0d9b50bd9b7b	30	1.00	0.00
f38c5d80-093f-46eb-99d6-942aa45cd921	30	0.83	0.17
23110c0f-2cf9-4d9c-ab2d-634f2f18867e	30	1.00	0.00
667cb445-c288-4e62-b603-27291c1e475d	31	0.97	0.03
cf8e152e-2d27-4dcc-ba2b-68127de4e6a4	31	0.90	0.10
80dff591-2393-448a-8d88-122bd424fa4c	31	0.97	0.03
4b6f0a4e-de18-44ad-b497-03b1f470c43c	31	0.84	0.16
75f9d874-5e69-438d-900d-a3fcb1d429b3	31	0.87	0.13
86d4e22b-f107-4bcf-9625-32d387fcb521	31	0.77	0.23
32810dca-825c-4dbc-8b65-0702794c424e	31	0.87	0.13
32c9bce6-6e52-40fa-9f64-3629b3d026a8	32	0.72	0.28
0eddd056-9d72-4804-bd60-53144b785d5c	32	0.97	0.03
d35ccee1-9559-49a1-aaa4-7809f7b5c46e	32	0.97	0.03
cd68d3a6-7fbc-445d-90f1-970c955e32f4	32	1.00	0.00
ef9f8b95-9e73-49cd-be54-60f84858a285	32	1.00	0.00
d89da2d2-674c-4b85-8959-a4bd406f760a	33	0.91	0.09
d8ee256f-e3d0-46cb-8c77-b1f88d8c9df9	33	0.85	0.15
425f3f84-bab0-4cf2-91c1-96e78cf5cd02	33	0.94	0.06
9ac2e7c5-5a34-4738-98d8-9f917bc6d119	33	0.97	0.03
c675fcdf-6117-49a6-ac32-99a89a3a88aa	33	0.91	0.09
f3ddfd87-73a2-4681-96fe-829476c97886	33	0.94	0.06
bd8778e5-02e8-4d1f-9c31-7b63942cc570	33	1.00	0.00
4ecee7be-93e4-4f04-b114-6b333e0e6408	33	0.94	0.06
1ba715f2-caa3-44c0-9118-b045ea702a34	34	0.76	0.24
5ff66eae-7111-4e3b-a9b8-a9579165b0a5	34	1.00	0.00
2e6d4fa9-f930-47bd-971a-dd54a3cf7db1	34	0.91	0.09
e111a46d-5ada-4311-ac4f-175cca3357da	34	1.00	0.00
ad8d15f4-e041-4a12-a10e-901e6285fdc5	35	1.00	0.00
63df8701-1871-4987-87d7-b55d4f1df2e9	35	1.00	0.00
1068f44b-34a0-42d8-a92e-2be748681a6f	35	0.97	0.03
63512571-2eca-4bc4-8ad9-a5308a22ae22	35	0.91	0.09
c22e3af5-9001-465f-b450-864d7db2b4a0	35	1.00	0.00
1f145436-b25d-49b9-a1e3-2d3c91626211	36	0.83	0.17
8a6fc67d-a7fe-443b-a084-744294cec647	36	0.97	0.03
ac69dba3-6225-4afd-ab4b-23fc78f730fb	36	0.83	0.17
89f74891-2e25-4b5a-bd99-c95ba3f36aa0	36	0.97	0.03
bbf9543f-f100-445a-a467-81d7aab12236	36	1.00	0.00
bfd9ff52-9bf6-4aaf-a859-d308d8f29616	37	0.89	0.11
083d09d4-7ed3-4100-b021-8fbe30dd43e8	37	0.97	0.03
e4034192-4dc6-4901-bb30-07fe3cf77b5e	37	0.95	0.05
5dbf11c0-994a-4482-bd1e-99379148ee45	37	0.78	0.22
446a3366-3fe3-41bb-bfdd-d8717f2152a9	37	0.78	0.22
17397256-c28c-4cad-85f2-a21768c66e67	38	0.95	0.05
8cf78b49-d0ca-4703-88e8-4bcad26c44b1	38	0.97	0.03
7932c7c7-babb-4245-b9f5-cdadb97c99fb	39	0.97	0.03
4204c2d1-ca48-4af7-b827-e99907f12d61	39	0.85	0.15
f8c20693-f439-4a29-a421-05ed92749f10	39	1.00	0.00
0eea4a48-c84b-4538-97e7-3303671934d2	39	0.95	0.05
f2468055-e880-40bf-8ac6-a0763d846eb2	39	0.77	0.23
f56657d3-3bdc-4840-a20c-91aca9cc360e	39	0.97	0.03
0f61d948-4f0c-4550-8410-ae1c7f9f5613	40	1.00	0.00
b4505c48-fc75-4f9e-8419-42b28dcc5273	40	1.00	0.00
126fb128-7c53-45b5-ac2b-5dbf9943d71b	40	0.80	0.20
f0bcf4bb-74b3-412e-a54c-04c12ad28ecb	40	0.95	0.05
25f3a67c-4ed5-45b6-94b1-ce468d3ead21	41	0.78	0.22
15ae64cd-f698-4b00-9d61-c9fffd037ae2	41	0.90	0.10
87e6ae4b-67de-4973-aa56-0fc9835a1e1e	42	1.00	0.00
7310c32f-8f32-40f2-b086-54555a2c0e86	42	1.00	0.00
678170e4-0688-436d-a02d-c0467f9af8c0	42	0.98	0.02
da0bbbe6-d13c-40cc-9594-8c476975d93d	42	1.00	0.00
33fbfe23-37bd-4e37-a481-a87eadb8192d	42	0.90	0.10
718dea1a-d9a8-4c2b-933a-f0667b5250e6	43	1.00	0.00
4f328502-d347-4d2c-8fad-6ae59431d781	43	0.77	0.23
3a96d76a-c508-45a0-94a0-8f64cd6beeb4	43	0.98	0.02
5b9727f7-6a20-47d2-93d9-779f0a85c4ee	43	0.93	0.07
44c92d97-bb39-469d-a13b-f2dd9ae644d1	43	0.86	0.14
fa477c92-39b6-4a52-b065-40af2f29840a	44	0.98	0.02
4f69e8c2-b2a1-4e98-996a-ccf35ac844c5	44	1.00	0.00
84a2b5f6-4955-4007-9299-3d35ae7135d3	44	1.00	0.00
90768354-957e-4b4c-bb6d-eab6bbda0ba3	45	1.00	0.00
c0177f76-67fc-4316-b650-894159dede45	45	0.87	0.13
d744f534-2352-472b-9e42-cd91fa540f1b	45	0.93	0.07
248ccf3d-d5f6-4b69-83d9-40230ca909cd	45	0.98	0.02
8604e861-d784-43f0-b0f8-0d43ea6f7814	45	1.00	0.00
e4e4c17d-8128-4704-9e04-f244d4573c4d	46	0.83	0.17
2b1cb8a2-9eba-4fce-85cf-5d997ec45714	46	0.93	0.07
ea44bd36-65b4-4f3b-ac71-78d87a540b48	46	0.96	0.04
43bf6a6d-cc03-4bcf-938d-620e185433e1	46	0.93	0.07
64f4cd75-0c1e-42cf-9ff0-e41c4756f22a	46	1.00	0.00
4b3e8e9b-6de1-4840-8751-b1fb45dc5605	46	0.89	0.11
27c68d7f-5e40-4afa-8b6f-9df47b79e7dd	46	0.74	0.26
c17a4397-4dcc-440e-8c53-d897e971cae9	46	1.00	0.00
68f98a04-204f-4675-92a7-8823f2277075	47	0.98	0.02
05bd08d5-7d9f-450b-abfa-1788b8ee8b91	47	1.00	0.00
26cfccf2-850e-43eb-b085-ff73ad0749b8	47	0.98	0.02
d23a1f7e-0071-444e-8361-6ae01f13036f	47	1.00	0.00
20e13b56-599b-4a22-b752-8059effc81dc	48	0.98	0.02
a1ed3396-114a-40bc-9ff0-54d7e1ad1718	48	1.00	0.00
c83f0fe0-44d1-4342-81e8-944bb38f8e23	48	0.88	0.13
e4f1f358-ee1f-4466-863e-f329766279d0	48	0.96	0.04
bf6a24d1-4e89-4790-a4ba-eeb2870cbf6f	48	0.94	0.06
7a75d626-d4fd-474f-a862-473138d8c376	49	0.78	0.22
defbc540-a36d-460b-afd8-07da2375ee63	49	0.90	0.10
66cebbbf-9933-4329-924a-72bd3718f321	50	0.98	0.02
b7267aba-6114-4d53-a519-bf6c99f4e3a9	50	0.92	0.08
413b3ddb-d933-4567-a60e-6d157480239d	50	0.96	0.04
4ffd2e50-bb5b-45d0-b7c4-e24d41b2ff5d	52	0.79	0.21
4ca52626-58cd-449d-88bb-f6d631588640	53	1.00	0.00
4941976e-31fc-49b5-801a-18abe072178b	53	0.98	0.02
1301ee81-406e-43d9-b2bb-55ca6e0f7765	53	0.98	0.02
70ccff1e-6b53-40e2-8844-0a28621cb33e	54	0.85	0.15
ce0e57a7-89f5-41ea-80f9-6e649dd54089	54	0.98	0.02
d6c69d2d-9344-4b19-85a4-6cfcbaead5d2	54	0.87	0.13
53e701c7-e3c8-4e18-ba05-9b41b4b64cda	54	1.00	0.00
d74a2473-1f29-40fa-a41e-66fa2281dfca	55	0.98	0.02
0c83e3b6-360e-4b7d-85e3-d906633c9ca0	55	1.00	0.00
9be56060-3b01-47aa-a090-d072ef109fbf	56	0.89	0.11
d1a7c13f-8e78-4d2e-9cae-ebf3a5fcdb5d	56	0.82	0.18
18798b8f-6391-4cb2-8a5f-6fb540d646d5	56	0.93	0.07
90c6e6ca-77fc-42b7-94d8-d8afd6d299e5	56	0.98	0.02
efafe75e-2f00-4418-914c-9b6675d39264	57	0.93	0.07
ee55248b-318a-4bfb-8894-1cc70e4e0720	58	0.98	0.02
2f3d7bc7-6ffb-40c3-a94f-5e626be413c9	58	1.00	0.00
9c3273a0-2711-4958-b716-bfcf60857013	59	1.00	0.00
d47dd08e-833c-4302-a965-a391d345455c	59	0.95	0.05
a311c089-0df4-46bd-9f5d-8c45c7eb5ae2	60	0.82	0.18
cd417f8a-ce01-4ab2-921d-42e2e445bbe2	62	0.95	0.05
88cd6efa-dbf2-4309-aabe-ec1d6f21f98a	62	1.00	0.00
7b0f91aa-4d66-4362-993d-6ff60f7ce0ef	64	0.88	0.13
b1b141fc-e867-40d1-842a-cea30a97ca4f	64	1.00	0.00
2e86de11-a2dd-4b28-b5fe-f4d0c38cd20b	66	0.92	0.08
c73d59dd-32a0-49ce-8ab4-b2dbb7dc94ec	66	0.85	0.15
11de4da3-8208-43ff-a1ff-0b3480a0fbf1	67	0.82	0.18
198fd9c8-cb75-482d-873e-e6b91d42a446	69	1.00	0.00
17392be2-7344-48a0-b4db-8a040a7fb532	69	0.97	0.03
b39b5aae-8571-4c90-887a-6a00f2a2f6fd	71	0.92	0.08
b8ab86c6-9054-4832-9b96-508dbd4eb624	73	0.99	0.01
cbd19e6f-3d08-4734-b23f-585330028665	76	0.96	0.04
493a83de-6bcf-41a1-97dd-cc5e150548a3	78	0.99	0.01
f967d064-0eaf-4445-b225-daed700e044b	80	0.98	0.03
58c9e294-bd49-457c-883f-fb3162fc668e	85	0.99	0.01
2b157c5c-9a6a-45a6-858f-bf4cf4cbc0bd	91	0.76	0.24
bd4c6837-eeaa-4675-ae48-061efa0fd11a	94	0.98	0.02